Module: mul_float_4in_regout_regin

--------------------------------------------------Timing Report--------------------------------------------------

DEW         DFW         Slack(ns)   Requirement(ns)
================================================
3           4           2.133       5.0         
3           5           1.665       5.0         
3           6           1.488       5.0         
3           7           1.393       5.0         
3           8           0.857       5.0         
3           9           0.824       5.0         
3           10          0.768       5.0         
3           11          0.712       5.0         
3           12          0.425       5.0         
3           13          -0.281      5.0         
3           14          -0.304      5.0         
3           15          -0.348      5.0         
3           16          -0.35       5.0         
3           17          -0.479      5.0         
3           18          -0.374      5.0         
3           19          -1.498      5.0         
3           20          -1.512      5.0         
4           4           1.957       5.0         
4           5           1.603       5.0         
4           6           1.305       5.0         
4           7           1.326       5.0         
4           8           0.857       5.0         
4           9           0.824       5.0         
4           10          0.579       5.0         
4           11          0.499       5.0         
4           12          0.404       5.0         
4           13          -0.271      5.0         
4           14          -0.311      5.0         
4           15          -0.349      5.0         
4           16          -0.35       5.0         
4           17          -0.479      5.0         
4           18          -0.388      5.0         
4           19          -1.499      5.0         
4           20          -1.512      5.0         
5           4           1.897       5.0         
5           5           1.419       5.0         
5           6           1.265       5.0         
5           7           1.29        5.0         
5           8           0.669       5.0         
5           9           0.605       5.0         
5           10          0.584       5.0         
5           11          0.505       5.0         
5           12          0.414       5.0         
5           13          -0.271      5.0         
5           14          -0.317      5.0         
5           15          -0.362      5.0         
5           16          -0.362      5.0         
5           17          -0.491      5.0         
5           18          -0.397      5.0         
5           19          -1.345      5.0         
5           20          -1.512      5.0         
6           4           1.849       5.0         
6           5           1.412       5.0         
6           6           1.261       5.0         
6           7           1.019       5.0         
6           8           0.442       5.0         
6           9           0.378       5.0         
6           10          0.333       5.0         
6           11          0.5         5.0         
6           12          0.161       5.0         
6           13          -0.268      5.0         
6           14          -0.305      5.0         
6           15          -0.349      5.0         
6           16          -0.362      5.0         
6           17          -0.492      5.0         
6           18          -0.387      5.0         
6           19          -1.506      5.0         
6           20          -1.519      5.0         
7           4           1.958       5.0         
7           5           1.368       5.0         
7           6           1.241       5.0         
7           7           1.202       5.0         
7           8           0.392       5.0         
7           9           0.335       5.0         
7           10          0.289       5.0         
7           11          0.256       5.0         
7           12          0.442       5.0         
7           13          -0.542      5.0         
7           14          -0.61       5.0         
7           15          -0.612      5.0         
7           16          -0.388      5.0         
7           17          -0.514      5.0         
7           18          -0.41       5.0         
7           19          -1.53       5.0         
7           20          -1.544      5.0         
8           4           1.979       5.0         
8           5           1.355       5.0         
8           6           1.22        5.0         
8           7           1.169       5.0         
8           8           0.39        5.0         
8           9           0.387       5.0         
8           10          0.347       5.0         
8           11          0.297       5.0         
8           12          0.178       5.0         
8           13          -0.549      5.0         
8           14          -0.555      5.0         
8           15          -0.856      5.0         
8           16          -0.36       5.0         
8           17          -0.519      5.0         
8           18          -0.426      5.0         
8           19          -1.535      5.0         
8           20          -1.549      5.0         
9           4           1.945       5.0         
9           5           1.384       5.0         
9           6           1.223       5.0         
9           7           1.212       5.0         
9           8           0.401       5.0         
9           9           0.354       5.0         
9           10          0.312       5.0         
9           11          0.266       5.0         
9           12          -0.067      5.0         
9           13          -0.79       5.0         
9           14          -0.856      5.0         
9           15          -0.658      5.0         
9           16          -0.386      5.0         
9           17          -0.497      5.0         
9           18          -0.4        5.0         
9           19          -1.513      5.0         
9           20          -1.527      5.0         
10          4           1.914       5.0         
10          5           1.32        5.0         
10          6           1.184       5.0         
10          7           1.152       5.0         
10          8           0.36        5.0         
10          9           0.37        5.0         
10          10          0.276       5.0         
10          11          0.233       5.0         
10          12          0.216       5.0         
10          13          -0.57       5.0         
10          14          -0.637      5.0         
10          15          -0.611      5.0         
10          16          -0.41       5.0         
10          17          -0.539      5.0         
10          18          -0.432      5.0         
10          19          -1.556      5.0         
10          20          -1.565      5.0         
11          4           1.924       5.0         
11          5           1.334       5.0         
11          6           1.215       5.0         
11          7           1.194       5.0         
11          8           0.384       5.0         
11          9           0.31        5.0         
11          10          0.263       5.0         
11          11          0.196       5.0         
11          12          0.164       5.0         
11          13          -0.56       5.0         
11          14          -0.629      5.0         
11          15          -0.665      5.0         
11          16          -0.401      5.0         
11          17          -0.531      5.0         
11          18          -0.427      5.0         
11          19          -1.546      5.0         
11          20          -1.56       5.0         
12          4           1.895       5.0         
12          5           1.299       5.0         
12          6           1.193       5.0         
12          7           1.179       5.0         
12          8           0.354       5.0         
12          9           0.283       5.0         
12          10          0.251       5.0         
12          11          0.213       5.0         
12          12          0.14        5.0         
12          13          -0.595      5.0         
12          14          -0.652      5.0         
12          15          -0.696      5.0         
12          16          -0.434      5.0         
12          17          -0.791      5.0         
12          18          -0.459      5.0         
12          19          -1.575      5.0         
12          20          -1.589      5.0         
-------------------------------------------------------Timing Report End-------------------------------------------------------

------------------------------------------------------------Uti Report------------------------------------------------------------
DEW         DFW         Total LUTs  Logic LUTs  LUTRAMs     SRLs        FFs         RAMB36      RAMB18      URAM        DSP Blocks  
====================================================================================================================================
3           4           37          37          0           0           42          0           0           0           1           
3           5           79          79          0           0           48          0           0           0           1           
3           6           51          51          0           0           54          0           0           0           2           
3           7           62          62          0           0           60          0           0           0           2           
3           8           93          93          0           0           66          0           0           0           4           
3           9           116         116         0           0           72          0           0           0           4           
3           10          145         145         0           0           78          0           0           0           4           
3           11          165         165         0           0           84          0           0           0           5           
3           12          168         168         0           0           90          0           0           0           5           
3           13          169         169         0           0           96          0           0           0           9           
3           14          174         174         0           0           102         0           0           0           9           
3           15          181         181         0           0           108         0           0           0           7           
3           16          203         203         0           0           114         0           0           0           7           
3           17          264         264         0           0           120         0           0           0           5           
3           18          224         224         0           0           126         0           0           0           10          
3           19          331         331         0           0           132         0           0           0           16          
3           20          348         348         0           0           138         0           0           0           16          
4           4           41          41          0           0           48          0           0           0           1           
4           5           89          89          0           0           54          0           0           0           1           
4           6           49          49          0           0           60          0           0           0           2           
4           7           52          52          0           0           66          0           0           0           2           
4           8           112         112         0           0           72          0           0           0           4           
4           9           127         127         0           0           78          0           0           0           4           
4           10          126         126         0           0           84          0           0           0           4           
4           11          157         157         0           0           90          0           0           0           5           
4           12          178         178         0           0           96          0           0           0           5           
4           13          173         173         0           0           102         0           0           0           9           
4           14          179         179         0           0           108         0           0           0           9           
4           15          185         185         0           0           114         0           0           0           7           
4           16          224         224         0           0           120         0           0           0           7           
4           17          270         270         0           0           126         0           0           0           5           
4           18          238         238         0           0           132         0           0           0           10          
4           19          343         343         0           0           138         0           0           0           16          
4           20          350         350         0           0           144         0           0           0           16          
5           4           47          47          0           0           54          0           0           0           1           
5           5           91          91          0           0           60          0           0           0           1           
5           6           54          54          0           0           66          0           0           0           2           
5           7           61          61          0           0           72          0           0           0           2           
5           8           112         112         0           0           78          0           0           0           4           
5           9           122         122         0           0           84          0           0           0           4           
5           10          137         137         0           0           90          0           0           0           4           
5           11          163         163         0           0           96          0           0           0           5           
5           12          191         191         0           0           102         0           0           0           5           
5           13          178         178         0           0           108         0           0           0           9           
5           14          195         195         0           0           114         0           0           0           9           
5           15          197         197         0           0           120         0           0           0           7           
5           16          214         214         0           0           126         0           0           0           7           
5           17          276         276         0           0           132         0           0           0           5           
5           18          240         240         0           0           138         0           0           0           10          
5           19          341         341         0           0           144         0           0           0           16          
5           20          363         363         0           0           150         0           0           0           16          
6           4           60          60          0           0           60          0           0           0           1           
6           5           103         103         0           0           66          0           0           0           1           
6           6           75          75          0           0           72          0           0           0           2           
6           7           61          61          0           0           78          0           0           0           2           
6           8           108         108         0           0           84          0           0           0           4           
6           9           125         125         0           0           90          0           0           0           4           
6           10          141         141         0           0           96          0           0           0           4           
6           11          190         190         0           0           102         0           0           0           5           
6           12          186         186         0           0           108         0           0           0           5           
6           13          192         192         0           0           114         0           0           0           9           
6           14          198         198         0           0           120         0           0           0           9           
6           15          206         206         0           0           126         0           0           0           7           
6           16          232         232         0           0           132         0           0           0           7           
6           17          283         283         0           0           138         0           0           0           5           
6           18          243         243         0           0           144         0           0           0           10          
6           19          352         352         0           0           150         0           0           0           16          
6           20          363         363         0           0           156         0           0           0           16          
7           4           66          66          0           0           66          0           0           0           1           
7           5           108         108         0           0           72          0           0           0           1           
7           6           78          78          0           0           78          0           0           0           2           
7           7           85          85          0           0           84          0           0           0           2           
7           8           121         121         0           0           90          0           0           0           4           
7           9           152         152         0           0           96          0           0           0           4           
7           10          160         160         0           0           102         0           0           0           4           
7           11          183         183         0           0           108         0           0           0           5           
7           12          210         210         0           0           114         0           0           0           5           
7           13          208         208         0           0           120         0           0           0           9           
7           14          219         219         0           0           126         0           0           0           9           
7           15          216         216         0           0           132         0           0           0           7           
7           16          237         237         0           0           138         0           0           0           7           
7           17          289         289         0           0           144         0           0           0           5           
7           18          255         255         0           0           150         0           0           0           10          
7           19          364         364         0           0           156         0           0           0           16          
7           20          377         377         0           0           162         0           0           0           16          
8           4           77          77          0           0           72          0           0           0           1           
8           5           116         116         0           0           78          0           0           0           1           
8           6           82          82          0           0           84          0           0           0           2           
8           7           90          90          0           0           90          0           0           0           2           
8           8           130         130         0           0           96          0           0           0           4           
8           9           148         148         0           0           102         0           0           0           4           
8           10          171         171         0           0           108         0           0           0           4           
8           11          203         203         0           0           114         0           0           0           5           
8           12          213         213         0           0           120         0           0           0           5           
8           13          211         211         0           0           126         0           0           0           9           
8           14          229         229         0           0           132         0           0           0           9           
8           15          224         224         0           0           138         0           0           0           7           
8           16          230         230         0           0           144         0           0           0           7           
8           17          298         298         0           0           150         0           0           0           5           
8           18          263         263         0           0           156         0           0           0           10          
8           19          370         370         0           0           162         0           0           0           16          
8           20          380         380         0           0           168         0           0           0           16          
9           4           82          82          0           0           78          0           0           0           1           
9           5           124         124         0           0           84          0           0           0           1           
9           6           97          97          0           0           90          0           0           0           2           
9           7           92          92          0           0           96          0           0           0           2           
9           8           145         145         0           0           102         0           0           0           4           
9           9           147         147         0           0           108         0           0           0           4           
9           10          172         172         0           0           114         0           0           0           4           
9           11          206         206         0           0           120         0           0           0           5           
9           12          236         236         0           0           126         0           0           0           5           
9           13          221         221         0           0           132         0           0           0           9           
9           14          232         232         0           0           138         0           0           0           9           
9           15          224         224         0           0           144         0           0           0           7           
9           16          249         249         0           0           150         0           0           0           7           
9           17          305         305         0           0           156         0           0           0           5           
9           18          265         265         0           0           162         0           0           0           10          
9           19          379         379         0           0           168         0           0           0           16          
9           20          386         386         0           0           174         0           0           0           16          
10          4           82          82          0           0           84          0           0           0           1           
10          5           122         122         0           0           90          0           0           0           1           
10          6           104         104         0           0           96          0           0           0           2           
10          7           100         100         0           0           102         0           0           0           2           
10          8           138         138         0           0           108         0           0           0           4           
10          9           162         162         0           0           114         0           0           0           4           
10          10          175         175         0           0           120         0           0           0           4           
10          11          203         203         0           0           126         0           0           0           5           
10          12          226         226         0           0           132         0           0           0           5           
10          13          227         227         0           0           138         0           0           0           9           
10          14          250         250         0           0           144         0           0           0           9           
10          15          232         232         0           0           150         0           0           0           7           
10          16          254         254         0           0           156         0           0           0           7           
10          17          317         317         0           0           162         0           0           0           5           
10          18          277         277         0           0           168         0           0           0           10          
10          19          390         390         0           0           174         0           0           0           16          
10          20          390         390         0           0           180         0           0           0           16          
11          4           90          90          0           0           90          0           0           0           1           
11          5           125         125         0           0           96          0           0           0           1           
11          6           119         119         0           0           102         0           0           0           2           
11          7           116         116         0           0           108         0           0           0           2           
11          8           148         148         0           0           114         0           0           0           4           
11          9           170         170         0           0           120         0           0           0           4           
11          10          197         197         0           0           126         0           0           0           4           
11          11          220         220         0           0           132         0           0           0           5           
11          12          233         233         0           0           138         0           0           0           5           
11          13          231         231         0           0           144         0           0           0           9           
11          14          247         247         0           0           150         0           0           0           9           
11          15          244         244         0           0           156         0           0           0           7           
11          16          247         247         0           0           162         0           0           0           7           
11          17          319         319         0           0           168         0           0           0           5           
11          18          282         282         0           0           174         0           0           0           10          
11          19          388         388         0           0           180         0           0           0           16          
11          20          397         397         0           0           186         0           0           0           16          
12          4           96          96          0           0           96          0           0           0           1           
12          5           127         127         0           0           102         0           0           0           1           
12          6           131         131         0           0           108         0           0           0           2           
12          7           130         130         0           0           114         0           0           0           2           
12          8           154         154         0           0           120         0           0           0           4           
12          9           169         169         0           0           126         0           0           0           4           
12          10          192         192         0           0           132         0           0           0           4           
12          11          220         220         0           0           138         0           0           0           5           
12          12          236         236         0           0           144         0           0           0           5           
12          13          241         241         0           0           150         0           0           0           9           
12          14          253         253         0           0           156         0           0           0           9           
12          15          248         248         0           0           162         0           0           0           7           
12          16          253         253         0           0           168         0           0           0           7           
12          17          350         350         0           0           174         0           0           0           5           
12          18          287         287         0           0           180         0           0           0           10          
12          19          396         396         0           0           186         0           0           0           16          
12          20          406         406         0           0           192         0           0           0           16          
